3000,-5000,300,-900,3500
3000,-5500,300,-900,3900
3000,-6500,0,-1300,3600
3000,-7000,0,-1300,3600
3000,-5500,0,-1300,3600
3000,-5500,0,-400,3600
3000,-5500,0,-400,3900
3000,-5500,-300,500,3900
3000,-5500,-300,300,3900

16570 10046 7661 -3210 -3881 AJMA
16570 10046 7661 -3210 -8781 AJMA
7570 10046 7661 -3210 -3081 AJMA
7570 8546 9661 -3210 -12081 AJMA
7570 10046 6661 -3210 -15081 AJMA    -- Note sector 4 corner High
-11000 -8400 -8000 1400 -6000 AJMA
-12000 -10000 -7000 2000 -6000 AJMA
-12000 -10000 -7000 2000 -7000 AJMA  -- Note sector 1 end
-21498 -9499 -7999 1999 0 AJMA	     -- Note sector 5 left middle
4000 10000 8000 -3000 -4000 AJMA     -- Note sector 2 end
4000 10000 8000 -3000 -5000 AJMA      
4000 10000 7000 -3000 -4317 AJMA     -- Note secotr 2
6000 10000 8000 -3000 -10000 AJMA    -- Note sector 3 middle
6000 10000 8000 -3000 -16000 AJMA    -- Note sector 4 corner low
-12000 -10000 -7000 2000 -7000 AJMA
-11000 -10000 -7000 2000 -1000 AJMA  -- Note


0 -6000 1984 -1643 3956 TMOVETO
0 -6000 784 -2243 3956 TMOVETO
